[PARAMETERS]
WIDTH=205
HEIGHT=336
X_OFFSET=-274.667327880859
Z_OFFSET=368.960723876953
MARGIN=10
SCALE_FACTOR=1
DRAWING_SIZE=10

